(((":" .
   [1])
  ("current-dir" .
   [0 0 0 0 1 0 0 0 0 0 0])
  ("current-time-zone" .
   [1 0 0 0 0 0 0 0 0 0 0 0 0 0 0 0 0])
  ("modula-2-mode" .
   [0 0 0 0 1 0 0 0 0 0 0 0 0])
  ("Standards" .
   [0 0 0 0 1 0 0 0 0])
  ("require" .
   [0 0 0 0 0 0 1])
  ("IS" .
   [1 0])
  ("App" .
   [1 0 0])
  ("Master" .
   [0 0 0 1 0 0])
  ("params" .
   [5 0 0 0 0 7])
  ("dsid" .
   [2 0 0 0])
  ("check_params" .
   [0 0 0 1 0 0 0 0 1 0 0 7])
  ("value" .
   [1 0 0 0 0])
  ("die" .
   [1 0 0])
  ("self" .
   [1 0 0 0])
  ("word" .
   [1 0 0 0])
  ("tag" .
   [1 0 0])
  ("princ" .
   [2 0 0 0 0])
  ("read-lines" .
   [0 0 0 0 0 0 0 2 0 0])
  ("defun" .
   [0 0 0 0 1])
  ("sort" .
   [2 0 0 0])
  ("word_pair" .
   [0 0 0 0 0 1 0 0 0])
  ("lambda" .
   [0 0 0 1 0 0])
  ("cdr" .
   [2 0 0])
  ("sort_by_value" .
   [0 0 0 0 0 1 1 0 0 0 0 0 0])
  ("myList" .
   [0 0 0 1 0 0])
  (":win" .
   [0 0 1 0])
  ("caar" .
   [0 0 0 1])
  ("string" .
   [1 0 0 0 0 0])
  ("cd" .
   [2 0])
  ("print" .
   [1 0 0 0 0])
  ("main" .
   [1 0 0 0])))
